Call: survfit(formula = Surv(time, status) ~ rx, data = survival_colon)

                rx=Lev 
 time n.risk n.event survival std.err lower 95% CI upper 95% CI
   24    310       1    0.997 0.00322        0.990        1.000
   56    309       1    0.994 0.00455        0.985        1.000
   93    308       1    0.990 0.00556        0.979        1.000
  122    307       1    0.987 0.00641        0.975        1.000
  129    306       1    0.984 0.00715        0.970        0.998
  133    305       1    0.981 0.00782        0.965        0.996
  150    304       1    0.977 0.00844        0.961        0.994
  165    303       1    0.974 0.00901        0.957        0.992
  171    302       2    0.968 0.01004        0.948        0.988
  191    300       1    0.965 0.01051        0.944        0.985
  206    299       1    0.961 0.01096        0.940        0.983
  219    298       2    0.955 0.01179        0.932        0.978
  222    296       1    0.952 0.01219        0.928        0.976
  226    295       1    0.948 0.01257        0.924        0.973
  232    294       1    0.945 0.01293        0.920        0.971
  257    293       1    0.942 0.01328        0.916        0.968
  283    292       1    0.939 0.01362        0.912        0.966
  314    291       2    0.932 0.01427        0.905        0.961
  316    289       1    0.929 0.01458        0.901        0.958
  323    288       1    0.926 0.01489        0.897        0.955
  342    287       1    0.923 0.01518        0.893        0.953
  343    286       1    0.919 0.01546        0.890        0.950
  349    285       1    0.916 0.01574        0.886        0.948
  355    284       1    0.913 0.01602        0.882        0.945
  356    283       1    0.910 0.01628        0.878        0.942
  362    282       1    0.906 0.01654        0.875        0.939
  366    281       1    0.903 0.01679        0.871        0.937
  376    280       1    0.900 0.01704        0.867        0.934
  382    279       1    0.897 0.01728        0.864        0.931
  402    278       1    0.894 0.01752        0.860        0.929
  406    277       1    0.890 0.01775        0.856        0.926
  420    276       1    0.887 0.01797        0.853        0.923
  422    275       1    0.884 0.01820        0.849        0.920
  430    274       1    0.881 0.01841        0.845        0.917
  438    273       1    0.877 0.01863        0.842        0.915
  439    272       1    0.874 0.01884        0.838        0.912
  443    271       1    0.871 0.01904        0.834        0.909
  444    270       1    0.868 0.01924        0.831        0.906
  472    269       1    0.865 0.01944        0.827        0.903
  475    268       1    0.861 0.01963        0.824        0.901
  486    267       1    0.858 0.01982        0.820        0.898
  499    266       1    0.855 0.02001        0.817        0.895
  512    265       1    0.852 0.02019        0.813        0.892
  522    264       1    0.848 0.02037        0.809        0.889
  546    263       1    0.845 0.02055        0.806        0.886
  553    262       1    0.842 0.02072        0.802        0.884
  559    261       1    0.839 0.02089        0.799        0.881
  569    260       1    0.835 0.02106        0.795        0.878
  573    259       1    0.832 0.02122        0.792        0.875
  580    258       1    0.829 0.02138        0.788        0.872
  582    257       1    0.826 0.02154        0.785        0.869
  589    256       1    0.823 0.02170        0.781        0.866
  602    255       2    0.816 0.02200        0.774        0.860
  608    253       1    0.813 0.02215        0.771        0.857
  628    252       1    0.810 0.02230        0.767        0.855
  629    251       1    0.806 0.02244        0.764        0.852
  642    250       1    0.803 0.02258        0.760        0.849
  643    249       1    0.800 0.02272        0.757        0.846
  647    248       1    0.797 0.02285        0.753        0.843
  664    247       1    0.794 0.02299        0.750        0.840
  669    246       1    0.790 0.02312        0.746        0.837
  675    245       1    0.787 0.02325        0.743        0.834
  678    244       1    0.784 0.02338        0.739        0.831
  684    243       1    0.781 0.02350        0.736        0.828
  706    242       1    0.777 0.02363        0.732        0.825
  708    241       1    0.774 0.02375        0.729        0.822
  709    240       1    0.771 0.02387        0.726        0.819
  720    239       1    0.768 0.02398        0.722        0.816
  723    238       1    0.765 0.02410        0.719        0.813
  729    237       1    0.761 0.02421        0.715        0.810
  730    236       1    0.758 0.02432        0.712        0.807
  739    235       1    0.755 0.02443        0.708        0.804
  743    234       1    0.752 0.02454        0.705        0.801
  755    233       1    0.748 0.02465        0.702        0.798
  759    232       2    0.742 0.02485        0.695        0.792
  764    230       1    0.739 0.02495        0.691        0.789
  766    229       1    0.735 0.02505        0.688        0.786
  795    228       1    0.732 0.02515        0.685        0.783
  797    227       1    0.729 0.02524        0.681        0.780
  806    226       1    0.726 0.02534        0.678        0.777
  833    225       1    0.723 0.02543        0.674        0.774
  846    224       1    0.719 0.02552        0.671        0.771
  858    223       1    0.716 0.02561        0.668        0.768
  875    222       1    0.713 0.02569        0.664        0.765
  885    221       1    0.710 0.02578        0.661        0.762
  890    220       1    0.706 0.02586        0.658        0.759
  902    219       1    0.703 0.02595        0.654        0.756
  905    218       1    0.700 0.02603        0.651        0.753
  909    217       1    0.697 0.02611        0.647        0.750
  938    216       1    0.694 0.02618        0.644        0.747
  939    215       1    0.690 0.02626        0.641        0.744
  940    214       1    0.687 0.02633        0.637        0.741
  942    213       1    0.684 0.02641        0.634        0.738
  944    212       1    0.681 0.02648        0.631        0.735
  952    211       1    0.677 0.02655        0.627        0.732
  961    210       2    0.671 0.02669        0.621        0.725
  968    208       1    0.668 0.02675        0.617        0.722
  969    207       1    0.665 0.02682        0.614        0.719
  986    206       1    0.661 0.02688        0.611        0.716
  997    205       2    0.655 0.02700        0.604        0.710
 1018    203       1    0.652 0.02706        0.601        0.707
 1034    202       1    0.648 0.02712        0.597        0.704
 1037    201       1    0.645 0.02717        0.594        0.701
 1041    200       1    0.642 0.02723        0.591        0.698
 1046    199       1    0.639 0.02728        0.587        0.694
 1055    198       1    0.635 0.02734        0.584        0.691
 1061    197       1    0.632 0.02739        0.581        0.688
 1092    196       1    0.629 0.02744        0.577        0.685
 1103    195       1    0.626 0.02748        0.574        0.682
 1105    194       1    0.623 0.02753        0.571        0.679
 1112    193       1    0.619 0.02758        0.568        0.676
 1117    192       1    0.616 0.02762        0.564        0.673
 1122    191       1    0.613 0.02766        0.561        0.670
 1135    190       1    0.610 0.02771        0.558        0.666
 1145    189       1    0.606 0.02775        0.554        0.663
 1154    188       1    0.603 0.02779        0.551        0.660
 1161    187       1    0.600 0.02782        0.548        0.657
 1178    186       1    0.597 0.02786        0.545        0.654
 1186    185       1    0.594 0.02790        0.541        0.651
 1191    184       1    0.590 0.02793        0.538        0.648
 1207    183       1    0.587 0.02796        0.535        0.645
 1215    182       1    0.584 0.02800        0.531        0.641
 1219    181       1    0.581 0.02803        0.528        0.638
 1252    180       1    0.577 0.02806        0.525        0.635
 1262    179       1    0.574 0.02808        0.522        0.632
 1295    178       1    0.571 0.02811        0.518        0.629
 1325    177       1    0.568 0.02814        0.515        0.626
 1399    176       1    0.565 0.02816        0.512        0.622
 1405    175       1    0.561 0.02818        0.509        0.619
 1434    174       1    0.558 0.02821        0.505        0.616
 1509    173       1    0.555 0.02823        0.502        0.613
 1540    171       1    0.552 0.02825        0.499        0.610
 1548    170       1    0.548 0.02827        0.496        0.607
 1568    169       1    0.545 0.02829        0.492        0.603
 1652    168       1    0.542 0.02830        0.489        0.600
 1709    167       1    0.539 0.02832        0.486        0.597
 1768    166       1    0.535 0.02833        0.483        0.594
 1829    163       1    0.532 0.02835        0.479        0.591
 1839    161       1    0.529 0.02837        0.476        0.587
 1850    160       1    0.525 0.02838        0.473        0.584
 1851    159       1    0.522 0.02839        0.469        0.581
 1879    157       1    0.519 0.02841        0.466        0.578
 1885    155       1    0.515 0.02842        0.463        0.574
 1932    152       1    0.512 0.02843        0.459        0.571
 2023    144       1    0.509 0.02846        0.456        0.568
 2079    138       1    0.505 0.02849        0.452        0.564
 2128    131       1    0.501 0.02853        0.448        0.560
 2152    122       1    0.497 0.02859        0.444        0.556
 2171    118       1    0.493 0.02866        0.440        0.552
 2458     65       1    0.485 0.02920        0.431        0.546
 2593     42       1    0.474 0.03071        0.417        0.538
 2683     33       1    0.459 0.03296        0.399        0.529
 2718     26       1    0.442 0.03611        0.376        0.518
 2910      9       1    0.392 0.05630        0.296        0.520

                rx=Lev+5FU 
 time n.risk n.event survival std.err lower 95% CI upper 95% CI
   23    304       1    0.997 0.00328        0.990        1.000
   34    303       1    0.993 0.00464        0.984        1.000
   45    302       1    0.990 0.00567        0.979        1.000
   52    301       1    0.987 0.00654        0.974        1.000
   79    300       1    0.984 0.00729        0.969        0.998
  127    299       1    0.980 0.00798        0.965        0.996
  138    298       1    0.977 0.00860        0.960        0.994
  141    297       1    0.974 0.00918        0.956        0.992
  144    296       1    0.970 0.00972        0.952        0.990
  186    295       1    0.967 0.01023        0.947        0.987
  251    294       1    0.964 0.01071        0.943        0.985
  269    293       1    0.961 0.01117        0.939        0.983
  271    292       1    0.957 0.01160        0.935        0.980
  274    291       1    0.954 0.01202        0.931        0.978
  276    290       1    0.951 0.01242        0.927        0.975
  279    289       1    0.947 0.01281        0.923        0.973
  283    288       1    0.944 0.01318        0.919        0.970
  293    287       1    0.941 0.01354        0.915        0.968
  302    286       1    0.937 0.01388        0.911        0.965
  304    285       1    0.934 0.01422        0.907        0.962
  324    284       1    0.931 0.01454        0.903        0.960
  326    283       1    0.928 0.01486        0.899        0.957
  340    282       1    0.924 0.01517        0.895        0.955
  355    281       1    0.921 0.01547        0.891        0.952
  363    280       1    0.918 0.01576        0.887        0.949
  389    279       1    0.914 0.01604        0.884        0.946
  400    278       1    0.911 0.01632        0.880        0.944
  428    277       1    0.908 0.01659        0.876        0.941
  430    276       1    0.905 0.01685        0.872        0.938
  441    275       1    0.901 0.01711        0.868        0.935
  448    274       1    0.898 0.01736        0.865        0.933
  454    273       1    0.895 0.01760        0.861        0.930
  460    272       1    0.891 0.01784        0.857        0.927
  484    271       1    0.888 0.01808        0.853        0.924
  490    270       1    0.885 0.01831        0.850        0.921
  498    269       1    0.882 0.01853        0.846        0.919
  499    268       1    0.878 0.01875        0.842        0.916
  503    267       1    0.875 0.01897        0.839        0.913
  529    266       1    0.872 0.01918        0.835        0.910
  550    265       1    0.868 0.01939        0.831        0.907
  576    264       1    0.865 0.01959        0.828        0.904
  578    263       1    0.862 0.01979        0.824        0.902
  580    262       1    0.859 0.01999        0.820        0.899
  583    261       1    0.855 0.02018        0.817        0.896
  592    260       1    0.852 0.02037        0.813        0.893
  601    259       1    0.849 0.02055        0.809        0.890
  603    258       1    0.845 0.02074        0.806        0.887
  609    257       1    0.842 0.02091        0.802        0.884
  614    256       1    0.839 0.02109        0.798        0.881
  616    255       1    0.836 0.02126        0.795        0.878
  641    254       1    0.832 0.02143        0.791        0.875
  642    253       1    0.829 0.02160        0.788        0.872
  643    252       1    0.826 0.02176        0.784        0.869
  666    251       1    0.822 0.02192        0.781        0.866
  674    250       1    0.819 0.02208        0.777        0.864
  692    249       2    0.812 0.02239        0.770        0.858
  693    247       1    0.809 0.02254        0.766        0.855
  696    246       1    0.806 0.02268        0.763        0.852
  712    245       1    0.803 0.02283        0.759        0.849
  736    244       1    0.799 0.02297        0.756        0.846
  765    243       1    0.796 0.02311        0.752        0.843
  802    242       2    0.789 0.02338        0.745        0.837
  806    240       1    0.786 0.02352        0.741        0.834
  811    239       1    0.783 0.02365        0.738        0.831
  844    238       1    0.780 0.02377        0.734        0.828
  862    237       1    0.776 0.02390        0.731        0.825
  884    236       1    0.773 0.02402        0.727        0.822
  887    235       2    0.766 0.02427        0.720        0.816
  905    233       1    0.763 0.02438        0.717        0.812
  911    232       1    0.760 0.02450        0.713        0.809
  916    231       1    0.757 0.02461        0.710        0.806
  961    230       1    0.753 0.02473        0.706        0.803
  977    229       1    0.750 0.02483        0.703        0.800
  993    228       1    0.747 0.02494        0.699        0.797
 1022    227       1    0.743 0.02505        0.696        0.794
 1138    226       1    0.740 0.02515        0.692        0.791
 1145    225       1    0.737 0.02526        0.689        0.788
 1151    224       1    0.734 0.02536        0.686        0.785
 1193    223       1    0.730 0.02545        0.682        0.782
 1201    222       1    0.727 0.02555        0.679        0.779
 1212    221       1    0.724 0.02565        0.675        0.776
 1246    220       1    0.720 0.02574        0.672        0.773
 1273    219       1    0.717 0.02583        0.668        0.770
 1276    218       2    0.711 0.02601        0.661        0.763
 1279    216       1    0.707 0.02610        0.658        0.760
 1302    214       1    0.704 0.02618        0.654        0.757
 1306    213       1    0.701 0.02627        0.651        0.754
 1365    212       1    0.697 0.02635        0.648        0.751
 1387    211       1    0.694 0.02643        0.644        0.748
 1388    210       1    0.691 0.02651        0.641        0.745
 1424    208       1    0.687 0.02659        0.637        0.742
 1439    207       1    0.684 0.02667        0.634        0.738
 1446    206       1    0.681 0.02675        0.630        0.735
 1495    204       1    0.677 0.02682        0.627        0.732
 1511    203       1    0.674 0.02690        0.623        0.729
 1521    202       1    0.671 0.02697        0.620        0.726
 1550    201       1    0.667 0.02704        0.616        0.723
 1607    200       1    0.664 0.02711        0.613        0.719
 1620    199       1    0.661 0.02718        0.610        0.716
 1637    198       1    0.657 0.02725        0.606        0.713
 1668    197       1    0.654 0.02731        0.603        0.710
 1671    196       1    0.651 0.02738        0.599        0.707
 1752    195       1    0.647 0.02744        0.596        0.703
 1767    194       1    0.644 0.02750        0.592        0.700
 1783    193       1    0.641 0.02756        0.589        0.697
 1798    192       1    0.637 0.02762        0.585        0.694
 1812    190       1    0.634 0.02767        0.582        0.691
 1831    185       1    0.631 0.02774        0.579        0.687
 1856    183       1    0.627 0.02780        0.575        0.684
 1995    172       1    0.623 0.02787        0.571        0.681
 2021    167       1    0.620 0.02796        0.567        0.677
 2052    161       1    0.616 0.02805        0.563        0.673
 2127    146       1    0.612 0.02817        0.559        0.669
 2174    136       1    0.607 0.02832        0.554        0.665
 2197    127       1    0.602 0.02850        0.549        0.661
 2318    102       1    0.597 0.02882        0.543        0.656
 2482     72       1    0.588 0.02959        0.533        0.649
 2542     53       1    0.577 0.03104        0.519        0.641
 2725     35       1    0.561 0.03426        0.497        0.632

